53803
59894
55985
56979
55805
57342
60245
58146
124469
59822
54140
61728
102063
62207
57695
85549
57442
71682
75301
54977
54744
62795
67796
54587
55485
60363
59346
62046
56343
54501
56738
69351
60040
66544
60501
65336
55989
52375
54780
64031
73755
59477
57895
64404
55183
60472
57102
60958
58608
69203
55666
62084
160807
71136
84136
119622
59993
61383
56385
62118
57381
59431
56471
59390
57503
61076
60510
75205
181854
58380
153879
66268
54932
58586
182632
96593
55589
59805
75411
153318
115923
82671
62616
87026
235023
268957
60739
169572
173428
60920
63382
193319
76221
75268
59054
156294
60534
60757
180836
99092
