60108
60019
54975
72067
84528
58309
59818
64842
60258
54832
65312
54606
60077
65331
60224
54023
62492
53683
51182
70666
58687
61400
53427
69356
59581
54918
57969
110976
102119
61107
59927
59336
60627
57668
102715
63702
55456
56430
57964
61053
53981
63122
60205
53893
72518
58278
59543
58562
63812
61650
67378
57641
58801
53270
66037
63232
63434
52499
64463
70408
55769
53127
53794
67378
58248
58995
54847
56225
58983
58587
58479
59077
59412
53247
54201
61906
72960
60009
56049
59347
53483
54417
55052
56677
112124
66061
78571
58953
58300
64586
101620
53104
53315
66196
57291
73622
55171
107533
74080
55467
