61858
110839
109937
59012
112924
58898
59341
61472
53155
64724
59674
66737
73823
62871
53027
66249
56633
58839
98466
58211
59311
59928
131711
62958
62623
64179
71642
59928
95631
64039
57751
85625
106426
80696
73677
59967
63783
61949
53696
64073
163931
107528
57900
88443
59357
59643
61816
64794
62223
60403
61864
98190
100117
60475
59629
284883
59180
55327
73252
59084
76772
60726
69198
59223
60171
61808
63048
59015
59535
65094
57630
61875
60636
94073
64707
61031
57882
65492
63627
56791
62011
66146
87539
59623
91148
108385
61936
59582
59719
62923
112951
64684
65309
58367
60680
110641
65945
60523
62628
62813
