65633
58568
58451
54854
78222
57740
92305
59346
58315
61043
60123
59044
59600
60320
59125
54693
56996
58766
60601
59371
64701
56468
129892
60028
60912
59652
61639
62869
60544
70337
61737
66140
71306
88331
58074
60075
80134
57356
58144
99326
66625
60127
60927
61437
63346
67828
60110
57666
54791
62577
54822
65229
60171
60690
87102
87551
90648
60651
55085
61170
69674
69663
92829
66269
105282
55830
95673
57413
63411
62337
77738
65563
63434
58579
65190
59724
64733
65821
55675
100969
59996
54416
55340
56914
59128
58358
62417
62657
65935
92178
59498
56812
59658
65994
114160
60522
83204
60335
85169
61745
