54631
59570
54844
63041
54133
102607
100811
60327
60252
64542
54424
71718
58808
101558
67816
61834
63976
68067
58377
59634
58957
58102
59673
60460
59479
65691
67947
60003
53987
51150
63970
60403
131194
61834
58742
55808
55192
55454
100949
56424
58848
57275
58668
60243
58274
59591
59490
62583
76580
56560
57065
59209
60072
70139
55512
60590
56399
61394
73621
59854
72993
56344
58218
58322
59746
59156
102000
111150
58880
58227
72564
68370
58995
76110
63909
56606
57500
58152
54075
99799
77667
56148
75572
55013
58797
59182
60473
59244
53200
63099
56357
62507
62149
59958
60116
63146
79522
59361
58526
63146
