58917
112502
56283
62316
93704
59276
61326
63247
60518
60250
61995
58465
61674
61908
59269
58090
56609
58636
56396
58320
57731
93279
61356
84927
60535
54845
52863
57643
94843
73585
59615
59877
67009
59359
60657
61668
56065
59566
63779
63367
87927
62582
61213
58768
95451
59736
83247
62347
99330
76417
60322
59700
66783
94602
60823
61773
60183
57384
61679
62127
59874
59131
54975
64059
74607
112112
61058
58826
60506
59896
112921
60887
83883
61268
64079
72058
86071
58315
59346
63547
59779
134361
59055
63292
55654
55531
62908
63904
60695
155174
92540
56939
66692
81886
58327
57174
63315
56383
66097
55056
