57903
83342
106965
59057
65345
61989
62177
80535
60112
58871
60140
68087
54242
54429
53345
57621
60543
84633
67434
52826
65433
59668
53657
52918
59971
66312
66222
98199
72511
56343
56035
58999
58849
53780
65117
100374
62741
53302
59351
60261
65569
55929
54842
53374
98733
58430
65914
53149
55102
59917
54998
55081
68414
54830
60963
56227
58838
106989
58606
62513
59283
52241
54504
59809
53766
95592
59934
52738
61204
59412
61451
67861
85016
62279
52310
60374
59634
99457
53760
70539
57225
56184
60584
68030
54511
58229
53735
85784
102240
58863
56954
54543
58583
55426
63420
57307
55064
58334
58878
55056
