1996916
983050
1101061
1613677
1554789
885091
983297
1934242
903059
1080227
2391271
1000316
1910678
1113434
1094353
1053594
1003716
1950462
947237
1135816
1035116
1114851
1466426
1280984
940626
907382
947847
962048
934979
926494
852218
939778
1660999
2904110
2305587
983163
1372480
999044
1012553
957962
982750
1493754
902612
1735494
1124731
1914492
1875358
1139388
1011043
1705485
943732
1049290
1286622
1629440
1039222
999622
1296347
1011609
2196900
1956795
1377693
1097777
996437
882969
2050727
1067641
1199529
973481
1048279
973552
980000
1155247
1020542
1421676
923212
984361
995892
866746
1777460
980897
2093569
1603745
1178916
929472
925747
1097552
955035
888814
981871
973691
1199580
1114149
1119619
936399
972716
2451196
2021584
2052437
1975809
1339662
