5551939
853847
1170234
869815
2906671
2357105
1253581
760388
1392654
1644414
2124593
1898964
971602
2690367
1053853
1071015
1328498
835286
1202381
2482914
2118511
1931638
2037016
1405902
977040
2368807
2211598
1771498
990719
1196835
2231422
2038472
1079243
1246695
845162
1658493
2003924
996811
2110028
962276
2289391
1950194
2494288
1822733
1272777
1009633
2630730
1248470
2413431
2034390
758599
1115425
2227468
2175708
1114534
1129570
795698
1084392
1135146
966139
1232534
2174962
870927
893132
1944966
881350
2201365
2187881
818297
915481
1052970
965802
2392507
872793
910917
2014927
1123481
1106734
840264
2222731
1160153
1262970
1942061
1850561
2001094
1077281
770424
922704
2482051
1104867
1643995
1876786
2669200
2234354
1131042
1120739
1668723
1191885
1068903
1007845
