2775740
2414374
2207864
2630128
1692942
2654523
2806963
2373574
2131661
1687762
2910366
1697464
2993241
1762838
2197057
2130701
2493018
3034939
2035168
1860418
2877144
2381167
1983037
3049581
1747167
3113547
2057625
2241490
1783033
1890670
1833514
1938103
3438711
2083500
2225197
1930566
2103929
2861143
2582533
2915678
2222848
2136726
3099604
2396618
3078935
2126557
3032153
2133018
2690589
2182991
2958757
1921034
1807702
1875268
1861517
2335597
1716628
2662969
2944765
2719892
2971101
2928084
2112576
2284874
1915762
2233299
2082346
3640219
1892794
2084713
2257692
2261423
2945352
1768799
2874808
1763622
1738350
1886544
1965360
2839571
2409784
2034059
1954927
2142660
2255732
2927697
1849286
2475283
2168667
2289320
1795321
2532892
2016729
2392890
2306729
4927888
2319776
2164024
2442966
1940979
