854549
891115
1246198
824015
1545105
939849
1267402
924485
790488
1075361
1399998
886388
1076729
799384
915128
895497
848466
1379717
863056
778048
853387
2255619
798537
872542
870324
913040
788014
1383801
1418728
1302677
846289
723513
755026
723243
1354600
1107914
911462
1088060
843078
923876
1432003
847172
939105
1052281
965207
892287
779674
801165
986089
816339
997534
1144792
791214
911926
849409
1047661
849432
1103833
784830
1179852
852054
1298309
852932
855908
749453
816480
962059
744025
729189
867113
1365162
856966
862798
919648
845978
810967
982119
803459
1043309
753485
853762
1531336
767508
1849092
1285180
792056
1268482
713521
912847
813770
1265171
854240
950224
941357
1272406
804742
1137827
1643904
802612
841102
