2165041
1129988
1691095
1128206
2077508
1211396
1782790
2597906
1403062
1420035
3527736
2145537
2005541
1325253
980640
1804659
1431071
1156173
2133527
1091305
2123634
1716948
1301078
1298423
1182013
3134654
1139881
1150217
1206590
1821410
1450885
1080687
1110614
1301348
2198062
1103585
2018471
1335094
1067802
2178210
2170120
2991655
1052355
1035599
1101492
1107409
1190253
1194229
1819231
2140932
1203929
1062999
1338297
1235108
1133807
1184485
2908247
1293564
2146211
1475642
1181752
1057024
1272342
1157285
1786338
1405728
1029091
1333807
1466210
1312524
4332078
2143235
1844387
2434322
1378483
3331131
1131747
1475193
1219071
2153873
1071019
2281795
2009574
1966311
1379476
1167654
1940922
1173338
1075437
2100348
1079816
1074423
1459677
1891764
1768079
1112534
1132477
3226753
1882206
1204959
