4289936
1186332
968847
821710
761078
957195
842747
868777
1198482
1118236
1295297
766371
1395319
4130008
794898
903106
783845
796962
896808
791745
1001911
898450
840280
1227470
874584
790731
853061
1513056
792523
695707
889986
923810
831566
1556083
746517
1038954
762111
817941
824490
1230434
1036417
925371
759505
846610
1182612
723357
874616
832075
893344
907961
863727
1672317
1277892
900895
702676
1322602
915947
950101
1483462
789143
722446
806893
1343443
892082
807371
1647937
751119
1072574
719336
886572
1406357
1221815
891642
1053057
815625
1267107
754699
1406661
1244077
825064
838017
966365
812533
767984
735030
793477
1347100
814799
1064417
980756
1625602
712961
788850
787862
1142228
779012
828054
796465
1580421
782846
