1628250
1319368
889539
1340411
906512
2179998
1021862
794018
769718
961470
816981
779154
738424
1045770
1085559
743892
819040
874380
836906
1284433
757315
754129
1404683
784387
982936
743195
813379
1282749
775741
828377
890317
854675
957274
870433
724664
668827
748965
1294730
1298399
760794
767217
776447
1496088
969031
1727199
1775806
1627623
922912
986269
1107757
803789
899101
1252012
784409
1383500
879499
770472
762483
1104937
1491101
1240330
726128
731885
802741
898214
1084496
976597
2810731
881417
762836
1182294
831831
775493
913809
1876044
707696
748879
812374
924436
1137872
1871084
850957
1028104
1324088
756984
836377
1149532
774396
815690
858779
784630
930416
785323
713381
768358
815968
1043923
704672
734021
797325
