35836
35745
36555
36663
36083
40011
39545
36879
39295
41165
37050
36006
63650
36716
35590
36380
35393
36111
36755
36091
39886
41633
40041
39715
36709
37104
39796
40519
37451
35483
36752
40122
37526
36737
39823
36670
36631
36340
37664
37729
39097
48296
36950
44745
39549
37860
37728
38689
38713
39384
37548
39626
37915
39884
43482
38795
37844
37606
37656
37781
35271
37281
38840
39011
37218
38862
37800
74845
36993
75466
40359
35805
39632
38239
56441
34957
36599
38238
36754
37314
37244
48726
39575
37784
38605
40137
40659
40452
35555
36771
37724
35510
39172
40233
37841
38725
39489
40127
52835
41786
