35012
35936
37328
36815
36060
34002
39663
36098
53247
41193
36774
51955
34204
40391
35888
112665
36677
37149
40020
37231
37234
41125
40470
35718
53909
34765
37557
38566
37532
35434
36164
36472
36482
38158
38052
36111
37193
39497
35802
37880
41269
38470
35329
39635
36411
37072
47378
37157
50267
59254
36637
40609
34737
35790
36906
40798
41043
38234
40834
48602
37914
35276
36951
38615
39336
39443
40502
38169
36414
38648
111845
37416
35936
39316
93171
36964
37104
42687
36737
110702
61626
168275
67078
53717
35650
83652
62961
108384
38281
39379
37351
67067
38696
82865
39287
96660
57322
39914
45564
58552
