43551
57073
74268
54156
41131
40449
40563
39491
37535
43110
53021
37274
39815
39298
36086
40081
43286
40842
65264
40086
41752
37673
38289
41685
56861
71676
37409
38634
41943
42541
38117
37050
66656
37882
39374
47999
38956
40093
40695
40062
38765
68333
39038
37301
40357
37863
40027
40494
43756
40709
40363
64795
41085
40102
52544
42738
40891
39399
50931
40708
63480
42550
37362
38662
37852
52438
38936
38830
41012
38241
41909
36660
40316
38729
39917
38583
42977
56507
40590
37042
37453
41870
43544
39994
39267
40408
40970
41177
38961
43272
42609
38119
36739
42367
41215
44093
45484
42640
44057
43467
