34366
48738
39639
35642
36455
51563
39917
35662
35036
35749
40339
35701
39318
41968
36490
39420
35341
35043
36592
36613
37956
35482
35898
34820
35634
37173
35494
34705
36181
40058
48922
35120
35826
35563
39694
36085
35366
39254
36098
36880
45077
35108
35519
36736
65651
37273
35687
36531
35694
40155
36506
36550
48727
35570
39760
35991
45179
39187
36502
36763
40452
34652
54270
65360
35203
40216
36724
39064
35937
39619
39730
36309
39301
67405
36278
38345
40708
38213
35746
36727
38425
38071
37190
36200
37306
58057
36846
36583
35544
106214
39112
36678
36848
37671
35804
37304
39846
37820
38464
36868
