40234
35939
34831
34787
39999
36688
41193
39812
40646
35868
53566
36011
36430
43843
36615
36630
35786
35835
35672
37372
38478
37645
35294
35409
36054
39040
35673
39666
40271
37653
39426
40681
38625
35586
38920
36922
36017
36651
41196
37262
34300
37287
36275
36235
41098
42027
40039
51652
36450
36048
35941
35694
36946
36478
47533
65791
82787
34722
35705
55724
36692
37034
35808
40418
39494
35893
38868
40184
37068
39688
37985
35385
36046
35699
36239
41938
43242
39151
35169
44732
36792
36461
47265
40607
37933
43122
47768
40671
35829
36443
72001
37128
35980
35500
36547
38320
37746
52365
37733
37110
