38790
38147
38388
40649
37104
37268
38224
43822
36195
39681
36839
37231
40066
37776
37903
37097
37952
38074
40032
40295
37593
36524
38815
36532
37939
38343
38286
37429
36716
37371
40682
37701
43104
41721
37737
36356
39092
36885
39313
40001
35813
37728
36982
37845
37886
39943
41615
36477
36815
42203
39177
46452
38934
40756
37579
38598
37258
39141
38704
37245
38958
37095
38594
36440
38442
37598
67694
39935
39611
37868
39238
42265
37187
39339
37488
38963
38700
40285
38876
39960
39112
38860
38667
36803
37906
36352
36797
40355
36725
38169
36544
37163
37295
38272
38270
42863
36689
38881
37762
38312
