37398
35452
61659
42523
42679
35872
35335
35117
35887
35952
37280
36631
39447
35492
39032
38845
45788
38576
36593
37746
35587
37588
36326
37252
35188
39639
48356
34954
53478
36964
36180
42720
36914
36802
36644
42258
37608
41555
36461
40454
57064
39475
40362
41407
39585
41230
41214
42861
226355
67160
39789
40336
50222
49448
41045
43855
40794
39509
39819
39309
37371
40066
38387
39862
35962
70521
44273
44884
39948
37879
41255
42162
52892
39018
39678
37243
40467
56535
38934
41263
39282
65463
50434
37261
38201
36802
39028
42466
40680
69323
39817
39779
39178
59554
37934
37575
36878
36198
39116
39206
