2.05
1.81
1.34
1.68
1.25
2.49
1.54
1.07
1.42
1.49
1.13
1.32
1.06
1.47
1.64
1.29
1.26
1.27
1.09
1.78
1.09
1.06
1.85
1.02
1.35
1.10
1.14
1.78
1.23
1.34
1.26
1.16
1.27
1.12
0.960
1.06
1.11
1.77
1.98
1.11
1.09
1.04
2.08
1.34
2.47
2.05
2.14
1.40
1.53
1.65
1.63
1.38
2.07
0.972
1.77
1.23
1.51
2.08
1.42
2.02
1.72
1.15
1.25
1.25
1.25
1.37
1.27
3.96
1.18
1.06
1.52
1.43
1.01
1.34
2.29
1.13
0.999
1.15
1.38
1.58
2.81
1.27
1.68
1.70
1.26
1.31
1.44
1.17
1.09
1.29
1.04
1.62
1.06
1.17
1.29
1.20
1.37
1.01
1.17
1.14
