1545724
1887545
1292570
2536124
1465716
1546086
1172965
1864303
1298860
2089569
2796377
1824623
1349512
1314368
1489352
1364825
1125652
1191233
2705407
1202311
1125483
1250332
1432890
1255458
1122563
1121420
2250879
1334790
1274835
1442331
1179487
2171443
1418760
1248569
1293823
1462882
1612855
1883465
1395598
1110622
1293001
1103557
1213449
1203083
1631719
1333603
1656529
2292571
1120924
1665621
1482661
1248908
1319446
2119464
1218330
1222329
1633709
1152901
1834830
1748480
1605272
1698516
1247338
1138304
1880456
1905741
1566724
1819865
1430461
1337412
1137498
1723070
1972228
1390148
1116975
1616478
1869331
1424732
1186117
1126523
1191914
1271485
1076368
1508260
1211218
2183840
2065158
1382430
1208250
1086789
1378913
2070510
1930462
1364079
1495860
1126825
1628259
1441486
1845917
1179116
