34876
40745
36861
36296
36949
53171
36781
40499
36055
36745
40010
36741
36292
39878
81760
39693
35858
34824
40685
38342
40324
35944
36063
40914
35769
41665
37146
36666
39889
35539
36217
35218
38207
36664
36455
36158
54419
40587
55197
42285
41488
37111
45422
36078
34847
36617
40146
37538
34644
34903
35274
140988
42638
34740
40583
36500
40420
70077
40659
41267
40819
40210
41336
36048
36764
37576
41800
39699
41423
52337
54637
39709
35348
36072
39482
37762
35570
36692
38334
36271
35419
42421
37164
36112
41608
39956
40098
51773
65162
36227
34789
35807
37637
38065
52650
39215
40961
39929
42335
35464
