62966
58572
52621
59859
63969
60083
56599
52129
61349
54604
58916
59513
59518
56111
59429
69504
85099
72436
59854
62143
59467
52597
61731
58897
67634
67955
55126
54106
82488
59995
53800
52394
66713
64113
53769
54180
59765
60734
60291
58190
60443
59561
83046
61158
59095
76623
53414
60598
59473
51939
59567
56543
61291
60630
68310
59058
76741
61459
60991
61371
61214
59974
60861
53006
59059
52814
176314
53448
61298
61677
61215
59538
55617
58170
63633
57252
204421
58718
54554
59457
54198
61474
59432
52426
61948
59276
55901
75856
60705
183933
58150
55218
59974
54194
55812
59404
59836
59998
73114
63505
