58305
62651
55298
58517
64052
59010
53969
56185
99519
125514
69008
56582
59542
64845
53265
76814
58294
54911
60245
56103
60079
71703
60149
59811
53236
60813
54889
70318
58346
96494
59299
57162
80998
55278
58901
56162
59155
59859
53294
60269
74016
61782
62626
55634
72101
59520
60984
59095
75840
52021
91184
56690
83010
76076
57464
53473
54756
88954
69448
56138
60606
60306
60336
55909
55028
120432
69706
62888
56222
84038
55182
76060
60754
54246
137961
58544
59622
51051
88309
78280
53929
91756
53350
68785
75474
79114
55192
60026
58805
54699
53864
80127
72237
84824
81626
61688
59387
216360
56803
55878
