1519956
1611192
1159344
3627688
1172910
1364311
1007839
1883838
1162512
879635
1036101
1044246
1040826
1639671
1646637
1251838
970097
1170719
1155983
1784290
1015935
1048459
1731372
1291010
1067990
959619
1293429
1028623
2050098
1185799
1046696
1172716
964016
1048768
1033771
1119628
908097
1003079
1687993
1072819
1786453
993438
951325
1370727
1504669
1110374
1065642
1084310
1400658
1647725
1041496
1251026
1167829
1310594
1154077
1534935
1038911
1089512
1063154
1121323
1005245
1022165
1175011
1018667
1220369
1087529
1172626
2254415
1079941
1094222
1227804
968909
1005897
890852
1606995
1088753
1551701
1037286
1509335
1174343
1043676
1532626
996010
1144103
1057446
1125924
1017040
1136793
1193126
1265087
1215761
1222198
1410530
1078723
1028265
1118808
1160304
1231466
1766529
1386092
