60434
63999
63434
53426
59058
59007
73337
72014
55239
63727
60840
59050
56167
60635
91339
65967
60138
57889
62222
72224
60832
56778
55029
55152
59919
55788
60161
59911
57616
56797
119476
58331
65206
57579
74289
78073
86691
80598
112003
56820
54343
55087
60191
59538
88184
60015
69756
65397
75972
83481
54231
57155
104348
79259
101884
113022
68813
72226
88134
62985
52526
52607
52279
53321
60150
59204
57830
54685
62413
58542
75619
82197
59191
52592
60932
80216
57009
59596
80169
79613
54217
54017
86300
87829
59745
74296
59147
59337
52856
58109
56303
64205
53463
121700
52541
52766
79956
53861
74992
75788
