2046006
1754198
1758867
1742067
1739218
1749871
3104916
2001729
2138461
1866595
2144867
1940002
2109765
2461465
1988631
2640841
3060757
2714954
1803439
1924556
2962500
1752365
2356899
3208239
1884739
1767341
2939667
2508690
2937783
2228217
2947865
3350747
10913797
2043273
2013398
2926917
2887011
2301386
3033268
6769345
2374329
2958853
2171841
4773938
2460462
2688367
2384558
2741759
3603905
1726839
2193422
2928541
3522600
2340791
2038673
2919222
3026473
2313867
3119297
2104066
2865778
2947540
2837686
2421905
2827691
2619728
2816334
2707278
2454223
3717038
2060513
3067658
1998528
3698928
2898032
1636307
2788184
2664705
4188558
2888846
3200514
3282211
2288430
3161338
2962390
2254313
2772422
2612307
2392464
2204565
2877846
3505214
2809431
3162223
3109508
1694722
2713835
2475288
2891722
4528264
