37115
35647
39370
40686
37360
37426
36142
65733
68795
50666
40044
41125
44482
39824
36080
38406
36405
36454
38272
39688
38262
35933
41549
40358
36207
37055
36733
39897
37354
65343
37011
36375
35264
36894
39916
37598
41394
34782
38015
38174
37162
59698
39246
36215
38039
38308
40386
36880
38575
36559
71031
38045
39548
37613
35831
37277
41022
59671
40104
38454
40747
41698
40806
38812
38753
59291
36208
41840
49677
36060
38210
47794
44060
37174
40536
37884
40269
35692
37986
59818
52978
38313
40068
36265
36886
39505
36386
60246
40181
36786
36911
36655
38676
37740
36692
35714
40962
41376
36499
36059
