167835
43054
40370
40463
40506
40900
65897
51487
43169
39939
101284
40672
60052
41284
40158
36893
39444
35901
41055
40869
39842
36458
117729
36690
41451
41113
37559
36289
35546
37158
38881
37478
39734
36167
38377
35570
54069
64146
37544
35452
36061
34998
35422
43319
38421
41203
36298
37027
41415
40888
39380
40602
35370
38987
38651
36548
37612
35663
40190
35694
35760
40628
38158
117944
37842
40917
37984
35161
35654
36445
52493
77899
38708
37186
36857
40567
122586
36627
36408
35877
64499
44993
117936
35669
38598
36347
36076
37289
52234
36707
48981
37465
37073
117177
37502
40353
35601
58303
37750
36510
