40005
38478
48946
36326
35337
54995
41103
37297
39693
39609
52958
40013
38935
37719
51366
37023
40898
36763
45942
41263
37350
37636
38215
77069
38601
35653
95880
38288
36846
41018
38758
73348
42152
39814
36440
59218
40757
37649
52991
46784
161376
37236
40743
54766
53543
36807
36799
38135
44128
49412
60803
37413
58332
38204
50398
166816
36750
35802
38898
36157
36431
36132
39686
40539
37756
36399
37289
63598
36401
55664
37539
40315
42450
41289
61707
36807
109941
37865
73299
123046
36391
105945
35870
36833
35689
37870
36118
37167
46731
38080
37144
66935
38224
36103
37037
35407
38327
43676
36207
36974
