37916
45587
36436
40803
39770
37253
37426
39066
37039
36372
41518
35448
36069
41495
36079
37342
38188
39337
39042
55124
36508
43228
36572
36487
36599
37796
36168
36964
35042
39812
34554
41283
41889
37464
40363
39791
38292
127214
36227
36368
40078
35673
43810
40100
43538
39804
50740
39950
36564
39591
36181
37885
39924
36556
52672
43882
36788
37659
37009
38677
40185
35743
37002
38657
37589
40445
38917
38095
38739
41129
41562
58190
39649
35606
40772
35986
40204
40165
39579
37950
37175
77724
36417
40342
41539
50472
40134
40738
37082
35720
38998
54725
40665
39990
37801
35781
40525
38854
36133
40146
