1393316
761296
797325
794750
850494
892568
734478
1295731
913242
1219395
827392
1506558
841743
776765
803989
1164424
850859
843074
747116
1429694
747539
1554081
954814
757656
768164
759849
1319812
764726
955443
925522
1026228
1439825
760558
1065910
1215732
839855
1160408
725236
792619
751683
1009895
826296
1368727
787543
753814
1421572
758367
1816970
831331
1048813
932361
954850
765446
1876443
1465756
814080
1132451
903032
811227
764437
1097463
765751
725674
1299062
997518
828932
1332367
1068946
792840
777962
757805
780579
835169
775550
952904
817575
2000872
1262617
778310
771780
837706
757326
808656
850052
740123
1320244
881821
1313873
1285602
1248763
1313896
1428580
879583
1080383
858602
771967
757697
769626
1489947
958092
