42707
40328
36126
38109
40619
40079
38528
35908
35678
40788
35930
41753
44282
36190
84860
53793
36737
39478
51696
38838
36320
49809
41801
35862
36867
40271
38113
35835
35838
37970
107479
37573
36587
75420
49251
39751
104317
39176
57611
83416
36141
86940
40317
40692
39606
39477
35790
36403
48334
38932
36108
37478
40086
39711
38135
36347
45525
36046
38241
39721
40427
35855
41016
35516
35189
39250
37600
53217
43412
111642
37044
48480
36101
35944
38162
36371
77512
40479
41746
39563
51911
37440
35385
67409
39668
36555
38943
98981
40981
35397
79261
37167
35724
44899
36317
35296
35361
35005
36330
35942
