61565
60424
60206
79232
61436
58848
62356
59083
62213
78812
101063
136118
72573
60474
60705
57869
60811
56151
62056
93064
60763
67918
60631
60898
61459
71761
111561
57846
54661
59055
57355
61042
77096
88997
58469
53367
54697
98400
61339
53642
53188
52340
72129
105053
55841
60015
62315
55122
128906
71681
58757
56325
53987
84626
55299
60493
57225
55920
67862
53483
61347
74154
56621
55249
80463
60205
60028
53471
87335
61325
71805
78265
57402
65576
63240
60245
65128
58003
58437
53914
113328
81898
53145
60471
59714
59744
54065
56448
53359
55775
84578
53845
60244
60741
57323
60046
53656
108766
61692
70171
