890963
806304
1197512
1064939
1120994
788074
1079230
1636800
1155294
1234291
732976
1115160
834736
917501
1585967
1122117
903991
846906
891096
868079
888141
916070
922318
1100209
928017
946744
939264
691092
916896
1041321
918286
893520
837747
1130083
714394
862637
766994
1036402
849539
864713
1769716
904146
873852
1056735
1032393
1208043
2192496
892837
882879
805599
1688305
1110033
974954
961630
939624
1414687
953839
998090
1136982
1403831
736630
777989
817173
1010957
910710
1712392
1048664
942003
1051281
1122687
1050558
819887
792451
916305
1141858
965640
741730
853357
922750
1093724
908444
1004166
849707
1052122
1050259
1001309
956339
767869
728247
862825
1536686
976030
955233
879060
969976
1665028
795002
1355470
2115604
784574
