1523855
1302672
865751
1289278
776726
817465
992759
864175
860521
1010000
783162
756604
1282993
805672
1239576
812616
768583
855731
2450099
845714
749169
866854
970071
820691
877923
1193681
4185260
1361528
794776
881103
1101734
1488131
918416
989879
892908
1066921
1073047
1632184
1541533
872504
971186
1041714
798185
843382
807047
781318
889994
1564515
962277
997026
857277
883219
1092429
1019990
1131580
1690505
872914
1019055
932342
918624
879780
1228568
897397
950386
1283131
754250
976320
934534
1003932
751750
985939
883030
786290
980936
733590
985784
976340
781014
1434333
925080
906669
982150
906868
1094030
785644
1026336
1163317
808456
880814
1122064
1402633
1007229
900854
1059612
1042225
801712
874463
1351420
995190
953086
