105501
58121
79635
190644
64310
59819
75785
66611
55810
59608
55687
72447
59606
66521
54263
94313
89641
94298
63998
56674
86204
68402
55466
100797
71090
51709
108380
53376
57462
77041
67999
87181
66776
82526
52452
53462
59385
51854
60037
52788
102890
63772
61074
84296
102142
70950
52672
55427
56315
55545
72086
52828
70683
55913
60042
55836
71024
68844
52452
57964
53812
52573
54600
59335
59377
73910
75103
102509
57158
58211
79658
63562
67513
62682
126375
54410
165739
57384
70115
60831
60344
106728
51957
74290
68925
73254
58265
60695
55512
77283
82595
107418
87570
74275
57175
71652
70432
60110
61999
60681
