58056
55717
64818
60048
57217
83014
58937
71926
52858
60219
55078
55123
59049
54533
55341
58307
56830
59272
56379
58434
53902
53297
57419
60859
53930
73441
71046
53021
56824
65766
60680
55793
67388
60477
54704
61419
58894
55932
93652
59661
54051
61018
60018
104802
141331
67459
86584
54067
58873
78931
59731
56008
56512
57773
65407
60764
56831
64986
59767
58620
59433
61663
73028
58244
56123
59137
54423
55799
61163
91707
54285
71593
60321
83063
57349
66497
53665
61788
60168
59166
59149
53630
59363
61202
61490
63647
61524
106866
66539
57233
61840
53121
52372
60914
53618
53505
52871
75200
63336
51849
